1 12 3
2 1 1
3 9 5
4 6 3
5 5 3
6 15 2
7 6 1
8 13 1
9 2 4
10 5 3
11 4 5
12 4 3
13 3 3
14 7 4
15 4 4
16 6 4
17 19 2
18 1 5
19 18 3
20 7 1
21 17 2
22 1 3
23 10 1
24 7 5
25 6 2
26 8 3
27 11 4
28 10 2
29 1 5
30 16 2
31 19 1
32 13 4
33 12 1
34 5 4
35 18 4
36 10 2
37 6 5
38 15 3
39 20 4
40 20 4
41 1 4
42 9 4
43 8 1
44 17 5
45 6 3
46 8 2
47 9 5
48 9 3
49 20 3
50 9 5
51 10 4
52 3 4
53 6 5
54 20 4
55 10 4
56 5 1
57 9 3
58 14 2
59 15 1
60 2 1
61 7 5
62 1 5
63 4 4
64 18 3
65 11 1
66 1 1
67 20 3
68 18 4
69 11 5
70 10 5
71 12 4
72 13 3
73 8 3
74 13 3
75 1 3
76 20 5
77 20 2
78 16 1
79 20 1
80 6 3
81 20 3
82 9 2
83 13 3
84 13 2
85 2 5
86 9 4
87 5 3
88 6 4
89 14 5
90 12 3
91 18 2
92 9 2
93 18 2
94 17 2
95 7 2
96 6 3
97 9 1
98 20 3
99 20 5
100 15 3