1 4 71
2 5 53
3 5 3
4 8 88
5 3 83
6 8 72
7 3 53
8 2 14
9 8 11
10 1 74
11 8 60
12 4 3
13 6 73
14 4 56
15 6 11
16 4 64
17 5 90
18 1 27
19 1 63
20 6 57
21 7 97
22 5 8
23 1 2
24 2 25
25 8 80
26 1 83
27 9 97
28 7 38
29 5 26
30 5 80
31 1 17
32 9 94
33 6 89
34 5 40
35 3 41
36 3 30
37 1 64
38 4 10
39 1 93
40 3 45
41 2 35
42 9 69
43 10 19
44 10 21
45 2 76
46 8 99
47 4 49
48 4 12
49 1 62
50 7 64
51 5 18
52 1 23
53 9 24
54 3 94
55 1 78
56 1 40
57 7 12
58 10 97
59 3 59
60 8 0
61 10 70
62 7 26
63 5 18
64 9 48
65 6 65
66 10 48
67 8 38
68 9 42
69 7 5
70 8 65
71 8 18
72 1 83
73 1 27
74 6 25
75 10 90
76 5 4
77 8 77
78 8 74
79 7 38
80 4 80
81 2 19
82 9 80
83 6 23
84 8 46
85 9 96
86 9 91
87 9 52
88 5 19
89 6 18
90 9 82
91 2 18
92 2 43
93 5 87
94 9 91
95 6 90
96 8 87
97 6 39
98 8 4
99 7 26
100 10 48
