1 7
2 13
3 11
4 19
5 16
6 19
7 16
8 19
9 1
10 17
11 6
12 9
13 16
14 12
15 16
16 12
17 10
18 17
19 13
20 6
21 14
22 14
23 1
24 3
25 3
26 7
27 17
28 8
29 8
30 13
31 6
32 2
33 6
34 1
35 9
36 19
37 13
38 16
39 8
40 3
41 11
42 5
43 5
44 18
45 11
46 1
47 15
48 2
49 14
50 19
51 15
52 20
53 8
54 4
55 4
56 5
57 13
58 16
59 3
60 4
61 17
62 3
63 7
64 6
65 19
66 9
67 2
68 16
69 13
70 15
71 15
72 20
73 8
74 11
75 9
76 4
77 5
78 10
79 5
80 12
81 8
82 8
83 9
84 8
85 17
86 4
87 18
88 17
89 15
90 4
91 20
92 2
93 12
94 15
95 13
96 16
97 5
98 1
99 11
100 6
